Affine4 [  1.9364548   -3.90984661   3.23320595   7.33623331  -7.01275353
  -1.3287507  -16.23653322  17.47096229  -2.99709947   3.96453742]

Affine4 [  2.4314241   -4.14332423   2.67360043   6.94583364  -6.50138266
  -0.42761747 -16.61586023  17.11055809  -3.28128698   4.38687386]

Affine4 [  2.42399028  -4.13903295   2.79849135   6.99113222  -6.61765833
  -0.49056071 -16.72084228  17.1413178   -3.19875007   4.45562812]

===CONPLEMENT===
Affine2 [-0.65568034  0.38615185  2.35649376  2.94434833  0.24491588  2.61864333
  0.10206127 -0.17442501 -1.79550689  2.28292897  1.25865299  1.30211797
  3.60926215 -1.14220063 -1.13289557 -0.36699025 -1.10390147 -1.98556689
  2.90446287 -0.35499828  3.96730374  1.28256279  0.33188256 -1.26810467
  1.16636859 -1.48429928 -0.15775968 -0.63003542 -1.99519981  0.25456534
  1.77548007  0.25977614  0.57472075 -1.13088912  0.2005824   1.85074908
  0.35223579  0.24981454 -1.13375133 -1.35881292 -2.25868649  1.38086949
  2.19004561  0.65767671  1.15069057 -0.29878863  3.04938596  1.05846415
 -0.77234557  1.52383355 -0.99593338  0.33366515  3.12606169  0.07323593
 -1.43656022  1.55895132  0.26651654  1.62037356 -0.67917266  1.52226638
  0.11684026  1.70377503  0.5087718   0.39993634  2.66188293 -0.22615103
 -0.33538761  3.08623412  1.51900745  0.83114611  2.67239496 -0.68013481
  1.25005987  1.68220438  0.7509848  -0.78544795 -0.51951139  0.40126171
 -0.30411976  1.92582053  2.43378715  0.07437488  1.28616632 -0.12606651
  0.92720073 -0.73542342 -0.09932602 -0.35819123  1.09874256 -0.78241899
  0.26718245  0.05166077 -0.46943255  1.4900049  -1.14182973  1.59669252
 -0.20988367  1.30509878 -0.18931208  1.00265627]
 

===NORMAL===
Affine2 [-0.88753801  0.13199154  2.43987108  3.20050061  0.19735046  2.90476431
 -0.16948948  0.02677167 -1.48582332  2.04022688  1.03052741  1.41375268
  3.18290411 -1.25096915 -1.11787122 -0.61324748 -0.86403272 -2.13355073
  3.07199875 -0.54096119  3.98997715  1.47548066  0.35434448 -1.38711415
  1.01729855 -1.32944508 -0.01772241 -0.82644497 -1.97877116 -0.00753257
  1.4648554   0.13599526  0.24655469 -1.33321975  0.57187095  2.02810811
  0.35102493  0.14242457 -1.38052615 -1.3849933  -1.99321267  1.37204352
  2.06468823  0.79240265  1.17348646 -0.86382653  2.83043592  1.08407132
 -1.11115391  1.34581087 -0.67442299  0.41582718  3.19141605  0.24593914
 -1.32201101  1.39143368  0.38964847  1.60617005 -0.63427279  1.55893228
  0.1156377   1.72677525 -0.11232787  0.57681029  3.03426202 -0.10624751
 -0.09859522  3.37944531  1.50770091  1.04094547  2.64726537 -0.39792645
  1.27784197  2.09726718  0.77345767 -0.65448398 -0.30770688  0.11453104
 -0.42035892  1.91227184  2.78849453 -0.00848949  1.28982453 -0.30568916
  1.11917025 -0.89488163 -0.42077677 -0.1737843   0.82538597 -0.37361591
  0.26361687 -0.12418476 -0.61774571  1.15862443 -1.38682191  1.72765944
 -0.36514396  1.26098385 -0.11886785  1.19897171]